0.5529,0.2143
0.5908,0.2085
0.6173,0.2070
0.6339,0.2016
0.6486,0.2004
0.6583,0.1993
0.6600,0.1989
0.6576,0.2019
0.6568,0.1974
0.6529,0.1991
0.6487,0.2006
0.6411,0.1931
0.6347,0.1946
0.6281,0.2053
0.6058,0.2068
0.5685,0.2109
0.5297,0.2179
0.5046,0.2160
0.4868,0.2229
0.4849,0.2226
0.4858,0.2229
0.4853,0.2252
0.4866,0.2231
0.4901,0.2224
0.4978,0.2237
0.5070,0.2222
0.5216,0.2197
0.5612,0.2181
0.5964,0.2141
0.6204,0.2089
0.6336,0.2038
0.6469,0.2047
0.6538,0.2017
0.6596,0.2032
0.6611,0.2023
0.6608,0.2031
0.6621,0.2016
0.6611,0.2032
0.6578,0.2006
0.6576,0.2014
0.6547,0.2021
0.6542,0.2012
0.6508,0.2021
0.6469,0.2017
0.6461,0.2006
0.6437,0.1984
0.6396,0.2036
0.6347,0.2055
0.6326,0.2072
0.6287,0.2102
0.6167,0.2113
0.5955,0.2139
0.5764,0.2158
0.5580,0.2192
0.5389,0.2222
0.5252,0.2241
0.5143,0.2237
0.5032,0.2243
0.4937,0.2250
0.4899,0.2248
0.4884,0.2272
0.4886,0.2271
0.4886,0.2278
0.4886,0.2276
0.4869,0.2265
0.4868,0.2276
0.4873,0.2282
0.4871,0.2286
0.4888,0.2282
0.4884,0.2286
0.4869,0.2282
0.4883,0.2280
0.4894,0.2267
0.4883,0.2284
0.4898,0.2274
0.4903,0.2271
0.4901,0.2278
0.4924,0.2265
0.4959,0.2257
0.5002,0.2259
0.5012,0.2256
0.5038,0.2246
0.5076,0.2233
0.5119,0.2220
0.5201,0.2218
0.5346,0.2179
0.5599,0.2190
0.5880,0.2154
0.6058,0.2119
0.6219,0.2109
0.6351,0.2076
0.6471,0.2078
0.6574,0.2047
0.6617,0.2031
0.6617,0.2016
0.6617,0.1995
0.6578,0.1989
0.6572,0.1982
0.6510,0.1965
0.6441,0.1993
0.6398,0.2004
0.6336,0.2046
0.6133,0.2092
0.5749,0.2149
0.5359,0.2166
0.5085,0.2190
0.4888,0.2224
0.4890,0.2237
0.4864,0.2229
0.4860,0.2241
0.4860,0.2257
0.4884,0.2222
0.4935,0.2248
0.5031,0.2231
0.5128,0.2212
0.5355,0.2201
0.5779,0.2167
0.6084,0.2081
0.6285,0.2068
0.6426,0.2064
0.6544,0.2040
0.6600,0.2019
0.6604,0.1999
0.6609,0.2014
0.6593,0.2016
0.6585,0.2008
0.6551,0.1967
0.6555,0.2017
0.6549,0.2032
0.6547,0.2029
0.6540,0.2027
0.6546,0.2031
0.6531,0.2029
0.6531,0.2003
0.6529,0.2014
0.6510,0.2014
0.6523,0.2021
0.6518,0.2019
0.6497,0.2014
0.6465,0.1997
0.6439,0.1997
0.6409,0.1987
0.6349,0.2044
0.6317,0.2032
0.6240,0.2083
0.5955,0.2124
0.5614,0.2151
0.5282,0.2222
0.5023,0.2212
0.4892,0.2233
0.4888,0.2263
0.4879,0.2257
0.4869,0.2265
0.4894,0.2250
0.4967,0.2263
0.5078,0.2237
0.5248,0.2218
0.5702,0.2183
0.6090,0.2107
0.6339,0.2081
0.6527,0.2051
0.6604,0.2027
0.6615,0.2023
0.6602,0.2006
0.6572,0.1982
0.6514,0.2010
0.6469,0.1957
0.6401,0.1978
0.6354,0.2032
0.6257,0.2074
0.5912,0.2076
0.5543,0.2179
0.5263,0.2183
0.5029,0.2214
0.4896,0.2226
0.4871,0.2227
0.4860,0.2220
0.4854,0.2256
0.4858,0.2252
0.4862,0.2222
0.4854,0.2261
0.4881,0.2244
0.4875,0.2241
0.4894,0.2226
0.4928,0.2203
0.4959,0.2246
0.5010,0.2246
0.5055,0.2220
0.5106,0.2199
0.5184,0.2209
0.5331,0.2164
0.5610,0.2156
0.5923,0.2092
0.6120,0.2094
0.6274,0.1999
0.6381,0.2036
0.6473,0.2017
0.6549,0.2036
0.6572,0.2031
0.6608,0.1984
0.6602,0.1973
0.6613,0.2008
0.6611,0.2021
0.6600,0.1997
0.6606,0.2008
0.6613,0.1999
0.6623,0.1976
0.6619,0.2001
0.6608,0.2017
0.6617,0.1997
0.6594,0.1973
0.6628,0.2025
0.6608,0.2001
0.6581,0.1986
0.6619,0.1993
0.6611,0.1976
0.6609,0.1959
0.6589,0.1999
0.6594,0.1976
0.6600,0.1959
0.4883,0.2254
0.8053,0.2299
0.4804,0.0814
0.4618,0.0199
0.4612,0.0081
0.4706,0.0225
0.4733,0.0675
0.4746,0.0332
0.4738,0.0512
0.4729,0.0681
0.4729,0.0443
0.4740,0.0583
0.4734,0.0413
0.4717,0.0311
0.4708,0.0371
0.4714,0.0452
0.4744,0.0356
0.4703,0.0591
0.4791,0.0240
0.4886,0.0341
0.4931,0.0366
0.5183,0.0264
0.5578,0.0293
0.5940,0.0287
0.6203,0.0338
0.6336,0.0283
0.6495,0.0388
0.6566,0.0234
0.6576,0.0287
0.6514,0.0341
0.6495,0.0283
0.6426,0.0341
0.6373,0.0309
0.6326,0.0568
0.6294,0.0592
0.6197,0.0759
0.5959,0.0587
0.5640,0.0801
0.5368,0.0838
0.5167,0.0911
0.5004,0.1258
0.4896,0.1097
0.4849,0.1329
0.4841,0.1554
0.4830,0.1479
0.4834,0.1618
0.4813,0.1706
0.4824,0.1646
0.4822,0.1635
0.4826,0.1772
0.4830,0.1869
0.4836,0.1879
0.4841,0.1984
0.4841,0.1995
0.4847,0.1914
0.4841,0.2107
0.4841,0.2078
0.4851,0.2070
0.4853,0.2154
0.4860,0.2055
0.4868,0.2113
0.4869,0.2147
0.4896,0.2102
0.4903,0.2145
0.4958,0.2145
0.4989,0.2128
0.5055,0.2154
0.5096,0.2104
0.5147,0.2130
0.5237,0.2124
0.5361,0.2115
0.5554,0.2085
0.5749,0.2064
0.5889,0.2062
0.5985,0.2089
0.6056,0.2055
0.6124,0.2004
0.6161,0.2070
0.6221,0.2040
0.6264,0.2004
0.6306,0.1995
0.6356,0.2023
0.6375,0.2004
0.6413,0.1991
0.6416,0.1993
0.6467,0.2012
0.6480,0.1984
0.6499,0.1961
0.6521,0.1957
0.6576,0.1946
0.6591,0.1987
0.6598,0.1995
0.6611,0.2003
0.6608,0.2001
0.6617,0.1997
0.6596,0.1856
0.6585,0.1984
0.6581,0.1944
0.6570,0.1980
0.6564,0.1982
0.6555,0.2008
0.6527,0.1980
0.6514,0.1995
0.6474,0.1986
0.6439,0.1952
0.6444,0.1978
0.6399,0.1999
0.6373,0.2031
0.6351,0.2040
0.6296,0.2100
0.6173,0.2066
0.5936,0.2126
0.5689,0.2173
0.5443,0.2196
0.5269,0.2183
0.5117,0.2179
0.5184,0.2188
0.5368,0.2190
0.5706,0.2179
0.5991,0.2121
0.6251,0.2083
0.6409,0.2070
0.6549,0.2051
0.6613,0.1989
0.6624,0.1989
0.6587,0.2008
0.6521,0.1982
0.6480,0.1948
0.6426,0.1905
0.6347,0.2044
0.6148,0.2089
0.5644,0.2121
0.5184,0.2173
0.4909,0.2197
0.4862,0.2226
0.4841,0.2188
0.4866,0.2222
0.4911,0.2209
0.5029,0.2186
0.5184,0.2183
0.5809,0.2104
0.6225,0.2074
0.6467,0.2010
0.6621,0.1946
0.6609,0.1944
0.6574,0.1939
0.6497,0.1914
0.6399,0.1933
0.6309,0.2070
0.5687,0.2085
0.5160,0.2177
0.4884,0.2154
0.4868,0.2227
0.4892,0.2207
0.4965,0.2218
0.5089,0.2199
0.5588,0.2154
0.6234,0.2059
0.6527,0.2044
0.6617,0.2012
0.6570,0.1995
0.6508,0.1995
0.6426,0.1995
0.6317,0.2044
0.5814,0.2143
0.5241,0.2186
0.4920,0.2248
0.4853,0.2259
0.4892,0.2250
0.4914,0.2271
0.5012,0.2269
0.5177,0.2212
0.5706,0.2197
0.6165,0.2117
0.6390,0.2074
0.6553,0.2051
0.6621,0.2031
0.6608,0.2047
0.6547,0.1982
0.6519,0.2029
0.6482,0.2021
0.6428,0.2010
0.6364,0.2049
0.6298,0.2094
0.6129,0.2123
0.5835,0.2169
0.5529,0.2216
0.5293,0.2205
0.5094,0.2231
0.4954,0.2269
0.4929,0.2261
0.4899,0.2280
0.4890,0.2254
0.4886,0.2259
0.4914,0.2265
0.4907,0.2271
0.4926,0.2272
0.4944,0.2278
0.5048,0.2271
0.5121,0.2256
0.5308,0.2216
0.5769,0.2192
0.6120,0.2138
0.6334,0.2104
0.6518,0.2089
0.6626,0.2062
0.6628,0.2057
0.6619,0.2036
0.6604,0.2057
0.6570,0.2036
0.6546,0.2036
0.6495,0.2032
0.6463,0.2025
0.6398,0.2066
0.6336,0.2098
0.6120,0.2147
0.5801,0.2186
0.5428,0.2231
0.5169,0.2243
0.4963,0.2278
0.4913,0.2282
0.4890,0.2304
0.4892,0.2295
0.4924,0.2286
0.4928,0.2284
0.5001,0.2278
0.5104,0.2257
0.5284,0.2237
0.5813,0.2196
0.6195,0.2139
0.6433,0.2104
0.6593,0.2081
0.6652,0.2068
0.6651,0.2068
0.6626,0.2055
0.6594,0.2051
0.6555,0.2053
0.6508,0.2029
0.6444,0.2072
0.6375,0.2113
0.6161,0.2149
0.5786,0.2196
0.5408,0.2241
0.5154,0.2261
0.4935,0.2286
0.4928,0.2297
0.4903,0.2286
0.4894,0.2293
0.4907,0.2288
0.4928,0.2291
0.4937,0.2288
0.4995,0.2286
0.5053,0.2274
0.5106,0.2269
0.5177,0.2250
0.5338,0.2226
0.5627,0.2216
0.5932,0.2175
0.6118,0.2139
0.6322,0.2123
0.6437,0.2098
0.6519,0.2089
0.6596,0.2083
0.6615,0.2055
0.6645,0.2061
0.6632,0.2062
0.6638,0.2059
0.6591,0.2012
0.6566,0.2044
0.6510,0.2047
0.6487,0.2034
0.6452,0.2021
0.6401,0.2042
0.6364,0.2089
0.6242,0.2136
0.5951,0.2128
0.5619,0.2205
0.5321,0.2216
0.5102,0.2263
0.4924,0.2244
0.4913,0.2286
0.4884,0.2244
0.4884,0.2288
0.4903,0.2274
0.4922,0.2263
0.4987,0.2261
0.5051,0.2252
0.5222,0.2209
0.5601,0.2192
0.6039,0.2143
0.6298,0.2078
0.6456,0.2078
0.6583,0.2032
0.6611,0.2031
0.6613,0.1969
0.6602,0.2008
0.6555,0.1997
0.6523,0.1997
0.6473,0.1963
0.6433,0.2021
0.6366,0.2027
0.6238,0.2070
0.5910,0.2121
0.5580,0.2177
0.5304,0.2214
0.5156,0.2214
0.4965,0.2222
0.4907,0.2243
0.4892,0.2248
0.4886,0.2248
0.4868,0.2252
0.4864,0.2254
0.4898,0.2259
0.4899,0.2263
0.4916,0.2261
0.4978,0.2241
0.5034,0.2235
0.5124,0.2207
0.5295,0.2188
0.5659,0.2190
0.6021,0.2130
0.6304,0.2049
0.6478,0.2070
0.6594,0.2006
0.6632,0.2008
0.6602,0.1991
0.6557,0.2019
0.6491,0.1999
0.6439,0.2014
0.6364,0.2038
0.6032,0.2094
0.5469,0.2212
0.5063,0.2218
0.4907,0.2192
0.4879,0.2259
0.4892,0.2229
0.4920,0.2267
0.5079,0.2226
0.5527,0.2196
0.6193,0.2117
0.6518,0.2053
0.6634,0.2021
0.6587,0.2003
0.6525,0.2014
0.6439,0.2001
0.6304,0.2062
0.5633,0.2128
0.5078,0.2205
0.4883,0.2244
0.4860,0.2269
0.4888,0.2235
0.4974,0.2216
0.5138,0.2194
0.5631,0.2171
0.6203,0.2059
0.6501,0.2034
0.6611,0.1974
0.6602,0.1959
0.6568,0.1929
0.6495,0.1971
0.6394,0.1920
0.6178,0.2036
0.5565,0.2123
0.5096,0.2156
0.4883,0.2201
0.4849,0.2218
0.4866,0.2188
0.4888,0.2203
0.4973,0.2203
0.5083,0.2158
0.5259,0.2183
0.5848,0.2124
0.6203,0.2027
0.6416,0.2027
0.6546,0.1967
0.6623,0.1929
0.6617,0.1952
0.6608,0.1965
0.6585,0.1969
0.6538,0.1894
0.6495,0.1828
0.6456,0.1881
0.6401,0.1892
0.6360,0.1939
0.6351,0.1995
0.6233,0.2036
0.6066,0.2076
0.5876,0.2068
0.5739,0.2104
0.5597,0.2098
0.5468,0.2190
0.5357,0.2143
0.5259,0.2151
0.5149,0.2130
0.5068,0.2173
0.4969,0.2169
0.4922,0.2199
0.4898,0.2220
0.4888,0.2222
0.4877,0.2205
0.4881,0.2261
0.4888,0.2246
0.4884,0.2231
0.4901,0.2248
0.4905,0.2233
0.4920,0.2194
0.4963,0.2244
0.5025,0.2224
0.5092,0.2212
0.5207,0.2190
0.5471,0.2179
0.5869,0.2156
0.6118,0.2134
0.6326,0.2066
0.6454,0.2034
0.6576,0.1991
0.6604,0.2036
0.6626,0.1986
0.6606,0.2008
0.6566,0.1957
0.6529,0.1967
0.6474,0.2003
0.6428,0.1974
0.6353,0.1965
0.6219,0.2083
0.5813,0.2115
0.5372,0.2158
0.5089,0.2214
0.4909,0.2214
0.4884,0.2201
0.4877,0.2227
0.4884,0.2207
0.4899,0.2244
0.4916,0.2229
0.5031,0.2212
0.5079,0.2184
0.5235,0.2175
0.5561,0.2175
0.5944,0.2126
0.6219,0.2085
0.6364,0.2012
0.6506,0.2001
0.6608,0.1997
0.6613,0.1946
0.6615,0.1980
0.6585,0.1989
0.6585,0.1916
0.6547,0.1957
0.6544,0.2003
0.6514,0.1922
0.6473,0.1879
0.6437,0.1969
0.6398,0.1954
0.6379,0.1997
0.6351,0.2023
0.6272,0.2068
0.6111,0.2016
0.5859,0.2062
0.5646,0.2119
0.5394,0.2102
0.5226,0.2123
0.5059,0.2188
0.4928,0.2156
0.4905,0.2203
0.4898,0.2241
0.4864,0.2199
0.4866,0.2237
0.4879,0.2246
0.4894,0.2181
0.4899,0.2254
0.4916,0.2252
0.5018,0.2100
0.5079,0.2160
0.5237,0.2188
0.5586,0.2124
0.5972,0.2079
0.6257,0.2040
0.6433,0.1984
0.6591,0.1973
0.6613,0.1987
0.6613,0.1987
0.6579,0.1957
0.6521,0.1976
0.6480,0.1946
0.6424,0.1957
0.6332,0.2036
0.5994,0.2072
0.5544,0.2156
0.5199,0.2115
0.4922,0.2227
0.4877,0.2199
0.4871,0.2227
0.4888,0.2197
0.4905,0.2254
0.4967,0.2209
0.5066,0.2211
0.5203,0.2214
0.5651,0.2188
0.6062,0.2104
0.6315,0.2081
0.6503,0.2049
0.6604,0.2055
0.6638,0.2004
0.6619,0.1967
0.6613,0.2023
0.6574,0.1971
0.6566,0.1980
0.6549,0.1952
0.6506,0.2008
0.6484,0.1950
0.6469,0.2019
0.6473,0.2014
0.6426,0.1954
0.6409,0.1987
0.6366,0.2029
0.6351,0.2032
0.6334,0.2027
0.6206,0.2109
0.6068,0.2102
0.5897,0.2117
0.5715,0.2147
0.5499,0.2175
0.5318,0.2205
0.5153,0.2233
0.4974,0.2222
0.4926,0.2233
0.4886,0.2259
0.4873,0.2239
0.4886,0.2256
0.4888,0.2261
0.4922,0.2271
0.4937,0.2261
0.5021,0.2259
0.5100,0.2220
0.5244,0.2199
0.5627,0.2154
0.6000,0.2141
0.6264,0.2104
0.6452,0.2047
0.6602,0.2012
0.6623,0.1993
0.6602,0.2001
0.6585,0.1999
0.6553,0.2021
0.6473,0.1980
0.6411,0.2049
0.6283,0.2031
0.5841,0.2106
0.5318,0.2209
0.4961,0.2209
0.4898,0.2214
0.4881,0.2276
0.4901,0.2246
0.4969,0.2226
0.5121,0.2216
0.5533,0.2152
0.6098,0.2066
0.6422,0.2006
0.6609,0.1959
0.6604,0.1991
0.6602,0.1927
0.6523,0.1942
0.6474,0.1935
0.6405,0.1971
0.6309,0.2049
0.5942,0.2083
0.5505,0.2188
0.5190,0.2156
0.4965,0.2207
0.4901,0.2209
0.4866,0.2141
0.4851,0.2188
0.4879,0.2136
0.4877,0.2167
0.4905,0.2162
0.4942,0.2173
0.5008,0.2109
0.5074,0.2167
0.5154,0.2145
0.5353,0.2085
0.5743,0.2124
0.6024,0.2081
0.6225,0.1993
0.6368,0.1959
0.6469,0.1991
0.6563,0.1839
0.6579,0.1852
0.6602,0.1907
0.6576,0.1918
0.6564,0.1826
0.6523,0.1884
0.6491,0.1770
0.6424,0.1869
0.6362,0.1869
0.6189,0.1942
0.5756,0.2006
0.5314,0.2023
0.5002,0.2158
0.4901,0.2138
0.4854,0.2162
0.4869,0.2177
0.4884,0.2152
0.4903,0.2188
0.5023,0.2154
0.5156,0.2201
0.5567,0.2138
0.6049,0.2064
0.6319,0.1980
0.6521,0.1920
0.6598,0.1897
0.6604,0.1942
0.6593,0.1935
0.6538,0.1839
0.6493,0.1901
0.6446,0.1894
0.6388,0.1931
0.6296,0.2072
0.5966,0.2027
0.5539,0.2162
0.5239,0.2194
0.4986,0.2167
0.4879,0.2224
0.4881,0.2218
0.4892,0.2167
0.4888,0.2183
0.4881,0.2216
0.4901,0.2211
0.4967,0.2218
0.5068,0.2147
0.5158,0.2139
0.5473,0.2134
0.5912,0.2083
0.6143,0.2064
0.6309,0.1989
0.6469,0.1912
0.6574,0.1984
0.6611,0.1954
0.6611,0.1974
0.6613,0.1956
0.6587,0.1877
0.6566,0.1926
0.6532,0.1843
0.6489,0.1905
0.6446,0.1852
0.6394,0.1927
0.6341,0.1984
0.6189,0.2046
0.5918,0.2036
0.5606,0.2096
0.5304,0.2087
0.5119,0.2091
0.4958,0.2107
0.4913,0.2128
0.4883,0.2126
0.4858,0.2154
0.4877,0.2205
0.4890,0.2149
0.4903,0.2171
0.4939,0.2175
0.5031,0.2171
0.5117,0.2169
0.5267,0.2119
0.5595,0.2096
0.5891,0.2062
0.6103,0.2057
0.6249,0.2046
0.6351,0.1987
0.6467,0.1989
0.6523,0.1989
0.6581,0.1888
0.6600,0.1897
0.6608,0.1909
0.6617,0.1888
0.6596,0.1918
0.6563,0.1899
0.6540,0.1834
0.6546,0.1783
0.6504,0.1794
0.6452,0.1785
0.6429,0.1837
0.6375,0.1888
0.6324,0.1881
0.6187,0.1954
0.5873,0.2094
0.5554,0.2092
0.5284,0.2087
0.5072,0.2190
0.4926,0.2111
0.4879,0.2196
0.4858,0.2113
0.4877,0.2136
0.4864,0.2147
0.4890,0.2107
0.4991,0.2089
0.5104,0.2175
0.5443,0.2089
0.5979,0.1956
0.6322,0.1982
0.6536,0.1918
0.6611,0.1882
0.6591,0.1869
0.6566,0.1907
0.6489,0.1776
0.6418,0.1796
0.6306,0.1867
0.5801,0.1884
0.5284,0.2164
0.4922,0.2102
0.4888,0.2081
0.4881,0.2139
0.4879,0.2188
0.4907,0.2179
0.5038,0.2162
0.5233,0.2128
0.5867,0.2109
0.6276,0.1982
0.6529,0.1956
0.6608,0.1901
0.6606,0.1892
0.6564,0.1941
0.6503,0.1918
0.6413,0.1899
0.6253,0.1999
0.5663,0.2019
0.5166,0.2087
0.4907,0.2211
0.4854,0.2203
0.4873,0.2138
0.4886,0.2199
0.4995,0.2218
0.5153,0.2188
0.5730,0.2124
0.6225,0.2064
0.6499,0.1961
0.6617,0.1911
0.6602,0.1941
0.6570,0.1886
0.6476,0.1909
0.6384,0.1911
0.6169,0.2017
0.5505,0.2136
0.5027,0.2154
0.4892,0.2235
0.4873,0.2209
0.4898,0.2214
0.4952,0.2220
0.5107,0.2212
0.5458,0.2130
0.6058,0.2100
0.6381,0.1973
0.6570,0.1995
0.6615,0.1978
0.6578,0.1980
0.6542,0.1935
0.6504,0.1941
0.6435,0.1946
0.6373,0.1909
0.6231,0.1986
0.5837,0.2038
0.5434,0.2092
0.5184,0.2136
0.4987,0.2141
0.4901,0.2186
0.4892,0.2169
0.4884,0.2152
0.4868,0.2154
0.4879,0.2214
0.4886,0.2177
0.4896,0.2166
0.4913,0.2209
0.4961,0.2132
0.5044,0.2166
0.5115,0.2152
0.5207,0.2092
0.5454,0.2106
0.5790,0.2047
0.6054,0.2032
0.6251,0.1974
0.6398,0.1987
0.6532,0.1982
0.6578,0.1856
0.6619,0.1961
0.6600,0.1931
0.6587,0.1929
0.6553,0.1841
0.6510,0.1873
0.6476,0.1787
0.6439,0.1813
0.6377,0.1922
0.6296,0.1871
0.6039,0.1963
0.5726,0.1991
0.5406,0.2001
0.5173,0.2102
0.4982,0.2089
0.4899,0.2102
0.4879,0.2126
0.4875,0.2126
0.4881,0.2128
0.4881,0.2169
0.4892,0.2096
0.4898,0.2091
0.4922,0.2183
0.4986,0.2151
0.5036,0.2132
0.5102,0.2078
0.5153,0.2078
0.5229,0.2057
0.5381,0.2044
0.5567,0.2085
0.5762,0.2029
0.5912,0.2004
0.6015,0.2014
0.6116,0.1995
0.6201,0.1931
0.6255,0.1918
0.6294,0.1886
0.6336,0.1899
0.6343,0.1965
0.6366,0.1762
0.6413,0.1860
0.6465,0.1918
0.6503,0.1875
0.6559,0.1832
0.6593,0.1886
0.6600,0.1826
0.6608,0.1789
0.6606,0.1813
0.6574,0.1802
0.6557,0.1762
0.6512,0.1819
0.6471,0.1858
0.6416,0.1772
0.6362,0.1798
0.6210,0.1911
0.5833,0.1957
0.5436,0.1999
0.5138,0.2034
0.4924,0.2068
0.4875,0.2183
0.4868,0.2096
0.4871,0.2149
0.4877,0.2188
0.4907,0.2061
0.4986,0.2117
0.5111,0.2130
0.5327,0.2138
0.5871,0.2057
0.6210,0.2047
0.6446,0.1967
0.6585,0.1922
0.6598,0.1982
0.6566,0.1881
0.6557,0.1864
0.6495,0.1911
0.6433,0.1924
0.6371,0.1950
0.6064,0.2008
0.5569,0.2051
0.5169,0.2128
0.4916,0.2162
0.4868,0.2151
0.4869,0.2227
0.4883,0.2196
0.4890,0.2130
0.4926,0.2184
0.5025,0.2158
0.5136,0.2098
0.5426,0.2094
0.5927,0.2087
0.6229,0.1993
0.6422,0.1965
0.6572,0.1956
0.6623,0.1894
0.6602,0.1901
0.6594,0.1809
0.6557,0.1817
0.6491,0.1879
0.6414,0.1897
0.6349,0.1815
0.6173,0.1967
0.5753,0.1971
0.5327,0.2076
0.5066,0.2119
0.4896,0.2098
0.4864,0.2156
0.4866,0.2190
0.4873,0.2136
0.4868,0.2169
0.4903,0.2115
0.4963,0.2141
0.5061,0.2121
0.5130,0.2115
0.5361,0.2081
0.5792,0.2064
0.6109,0.2008
0.6326,0.1963
0.6474,0.1948
0.6581,0.1871
0.6606,0.1860
0.6579,0.1749
0.6572,0.1856
0.6510,0.1770
0.6467,0.1798
0.6414,0.1905
0.5908,0.2034
0.6216,0.1993
0.6431,0.2004
0.6566,0.1881
0.6589,0.1918
0.4851,0.2181
0.4894,0.2162
0.4931,0.2104
0.5048,0.2164
0.5213,0.2175
0.5702,0.2136
0.6137,0.2091
0.6377,0.1956
0.6566,0.1875
0.6613,0.1926
0.6602,0.1783
0.6549,0.1941
0.6503,0.1877
0.6452,0.1888
0.6373,0.1912
0.6274,0.2004
0.5843,0.2029
0.5394,0.2049
0.5068,0.2147
0.4896,0.2186
0.4853,0.2216
0.4892,0.2203
0.4884,0.2216
0.4907,0.2205
0.5010,0.2209
0.5141,0.2194
0.5456,0.2126
0.5944,0.2046
0.6244,0.2021
0.6439,0.2014
0.6559,0.2040
0.6615,0.1920
0.6609,0.1941
0.6576,0.1965
0.6547,0.1860
0.6525,0.1927
0.6484,0.1924
0.6446,0.1933
0.6388,0.2006
0.6334,0.2057
0.6112,0.2089
0.5775,0.2117
0.5402,0.2138
0.5164,0.2124
0.4933,0.2162
0.4899,0.2244
0.4888,0.2201
0.4871,0.2237
0.4909,0.2222
0.4907,0.2237
0.4928,0.2250
0.5021,0.2259
0.5092,0.2218
0.5201,0.2218
0.5462,0.2218
0.5876,0.2171
0.6133,0.2111
0.6306,0.2087
0.6444,0.2032
0.6551,0.2083
0.6608,0.2036
0.6641,0.2038
0.6632,0.2034
0.6602,0.2042
0.6585,0.2034
0.6549,0.2038
0.6512,0.2032
0.6456,0.2032
0.6379,0.2059
0.6279,0.2111
0.5940,0.2132
0.5518,0.2203
0.5229,0.2214
0.4984,0.2224
0.4924,0.2269
0.4905,0.2278
0.4892,0.2284
0.4892,0.2227
0.4914,0.2274
0.4942,0.2276
0.5025,0.2278
0.5119,0.2256
0.5282,0.2216
0.5801,0.2179
0.6189,0.2143
0.6413,0.2098
0.6596,0.2068
0.6621,0.2070
0.6606,0.2032
0.6566,0.2036
0.6501,0.2012
0.6433,0.2003
0.6349,0.2102
0.5901,0.2152
0.5362,0.2222
0.5014,0.2257
0.4918,0.2269
0.4896,0.2263
0.4899,0.2291
0.4946,0.2246
0.5061,0.2269
0.5272,0.2226
0.5978,0.2160
0.6388,0.2087
0.6606,0.2068
0.6609,0.2044
0.6593,0.2042
0.6512,0.2034
0.6446,0.1973
0.6360,0.2124
0.5822,0.2147
0.5250,0.2222
0.4939,0.2269
0.4886,0.2252
0.4905,0.2297
0.4933,0.2274
0.5016,0.2282
0.5179,0.2227
0.5719,0.2196
0.6248,0.2134
0.6514,0.2092
0.6630,0.2061
0.6613,0.2036
0.6576,0.2021
0.6495,0.2012
0.6431,0.2029
0.6264,0.2138
0.5674,0.2184
0.5147,0.2261
0.4937,0.2293
0.4907,0.2257
0.4918,0.2306
0.4948,0.2288
0.5102,0.2259
0.5456,0.2226
0.6144,0.2149
0.6495,0.2085
0.6621,0.2062
0.6600,0.2049
0.6561,0.2025
0.6473,0.2031
0.6347,0.2085
0.5775,0.2177
0.5205,0.2257
0.4939,0.2289
0.4903,0.2286
0.4913,0.2301
0.4997,0.2271
0.5173,0.2250
0.5775,0.2190
0.6313,0.2098
0.6593,0.2070
0.6617,0.2042
0.6579,0.2061
0.6523,0.2036
0.6416,0.2003
0.6214,0.2121
0.5576,0.2196
0.5089,0.2278
0.4929,0.2239
0.4899,0.2278
0.4914,0.2267
0.4963,0.2271
0.5100,0.2263
0.5432,0.2199
0.6086,0.2132
0.6411,0.2081
0.6596,0.2074
0.6602,0.2057
0.6589,0.2040
0.6525,0.2016
0.6465,0.1956
0.6371,0.2049
0.6141,0.2107
0.5601,0.2164
0.5154,0.2214
0.4903,0.2244
0.4881,0.2261
0.4892,0.2209
0.4911,0.2278
0.4958,0.2257
0.5106,0.2212
0.5389,0.2162
0.6382,0.2017
0.6195,0.2104
0.5766,0.2132
0.5376,0.2197
0.5091,0.2167
0.4914,0.2211
0.4901,0.2252
0.4886,0.2194
0.4898,0.2203
0.4894,0.2224
0.4907,0.2197
0.4973,0.2243
0.5076,0.2226
0.5233,0.2162
0.5743,0.2143
0.6154,0.2096
0.6405,0.2049
0.6559,0.2008
0.6613,0.1862
0.6621,0.1916
0.6606,0.1967
0.6576,0.1946
0.6527,0.1942
0.6454,0.1956
0.6429,0.1862
0.6364,0.1993
0.6281,0.2053
0.5994,0.2047
0.5713,0.2136
0.5443,0.2106
0.5231,0.2138
0.5048,0.2188
0.4909,0.2209
0.4914,0.2243
0.4875,0.2235
0.4877,0.2239
0.4890,0.2220
0.4894,0.2235
0.4898,0.2241
0.4911,0.2259
0.4935,0.2229
0.5036,0.2257
0.5138,0.2220
0.5331,0.2171
0.5856,0.2139
0.6216,0.2109
0.6482,0.2047
0.6608,0.2014
0.6619,0.2003
0.6596,0.2008
0.6549,0.1963
0.6459,0.1974
0.6379,0.2034
0.6146,0.2085
0.5591,0.2147
0.5156,0.2190
0.4929,0.2205
0.4883,0.2257
0.4899,0.2235
0.4899,0.2233
0.4952,0.2244
0.5087,0.2212
0.5327,0.2167
0.5972,0.2115
0.6332,0.2078
0.6563,0.1984
0.6608,0.2023
0.6583,0.2001
0.6536,0.1959
0.6452,0.1927
0.6377,0.2006
0.6034,0.2089
0.5421,0.2143
0.4993,0.2199
0.4888,0.2205
0.4886,0.2222
0.4913,0.2231
0.4976,0.2216
0.5115,0.2162
0.5468,0.2158
0.6056,0.2087
0.6386,0.1952
0.6572,0.2012
0.6608,0.1901
0.6585,0.1882
0.6561,0.1875
0.6521,0.1935
0.6473,0.1894
0.6424,0.1879
0.6360,0.1982
0.6244,0.1939
0.5925,0.2087
0.5610,0.2053
0.5338,0.2104
0.5132,0.2136
0.4986,0.2166
0.4896,0.2068
0.4894,0.2124
0.4873,0.2179
0.4864,0.2085
0.4886,0.2209
0.4879,0.2160
0.4879,0.2177
0.4881,0.2145
0.4933,0.2141
0.4942,0.2173
0.5021,0.2154
0.5076,0.2167
0.5151,0.2147
0.5261,0.2051
0.5533,0.2147
0.5835,0.2023
0.5998,0.2085
0.6137,0.2031
0.6285,0.2001
0.6364,0.2036
0.6429,0.2017
0.6519,0.1948
0.6570,0.1963
0.6598,0.1922
0.6611,0.1927
0.6611,0.1907
0.6598,0.1935
0.6585,0.1961
0.6566,0.1946
0.4879,0.2211
0.4899,0.2203
0.4894,0.2214
0.4903,0.2205
0.4914,0.2220
0.4974,0.2220
0.5061,0.2166
0.5109,0.2190
0.5233,0.2183
0.5498,0.2171
0.5874,0.2087
0.6094,0.2070
0.6289,0.2044
0.6416,0.2051
0.6532,0.1982
0.6576,0.2008
0.6613,0.1973
0.6596,0.1986
0.6600,0.1957
0.6564,0.2010
0.6516,0.2023
0.6463,0.1978
0.6413,0.2001
0.6369,0.2004
0.6206,0.2062
0.5844,0.2121
0.5460,0.2126
0.5175,0.2214
0.4942,0.2199
0.4918,0.2239
0.4888,0.2227
0.4898,0.2280
0.4896,0.2231
0.4907,0.2259
0.4924,0.2289
0.4999,0.2256
0.5070,0.2248
0.5139,0.2211
0.5261,0.2211
0.5563,0.2218
0.5904,0.2186
0.6088,0.2128
0.6244,0.2132
0.6343,0.2096
0.6431,0.2074
0.6491,0.2057
0.6559,0.2076
0.6602,0.2062
0.6611,0.2046
0.6617,0.2016
0.6617,0.1995
0.6611,0.2014
0.6615,0.2025
0.6609,0.2038
0.6598,0.2017
0.6602,0.2044
0.6606,0.2042
0.6589,0.2034
0.6576,0.2017
0.6587,0.2061
0.6576,0.1974
0.6572,0.2042
0.6568,0.2029
0.6555,0.2055
0.6549,0.2027
0.6546,0.1984
0.6523,0.2017
0.6523,0.1963
0.6504,0.1976
0.6495,0.1984
0.6474,0.2031
0.6471,0.2004
0.6454,0.2027
0.6414,0.1986
0.6360,0.1999
0.6353,0.2044
0.6191,0.2062
0.5966,0.2092
0.5674,0.2100
0.5374,0.2132
0.5190,0.2156
0.4969,0.2214
0.4914,0.2209
0.4888,0.2222
0.4884,0.2211
0.4886,0.2233
0.4894,0.2201
0.4939,0.2152
0.5034,0.2248
0.5111,0.2171
0.5321,0.2074
0.5822,0.2128
0.6152,0.2049
0.6384,0.1942
0.6538,0.2019
0.6613,0.1888
0.6611,0.1927
0.6606,0.1897
0.6559,0.1890
0.6510,0.1834
0.6467,0.1907
0.6413,0.1796
0.6353,0.1832
0.6079,0.1989
0.5687,0.1944
0.5318,0.2019
0.5046,0.2128
0.4898,0.2051
0.4879,0.2087
0.4888,0.2132
0.4881,0.2151
0.4892,0.2049
0.4928,0.2151
0.5048,0.2021
0.5153,0.2070
0.5428,0.2087
0.5955,0.2070
0.6259,0.1899
0.6435,0.1959
0.6532,0.1837
0.6596,0.1935
0.6608,0.1935
0.6574,0.1866
0.6568,0.1817
0.6549,0.1813
0.6521,0.1836
0.6461,0.1884
0.6424,0.1792
0.6366,0.1894
0.6285,0.1927
0.5976,0.2003
0.5589,0.2068
0.5271,0.2083
0.5053,0.2156
0.4911,0.2132
0.4899,0.2183
0.4894,0.2147
0.4879,0.2197
0.4890,0.2162
0.4911,0.2179
0.4907,0.2214
0.4928,0.2190
0.4978,0.2132
0.5042,0.2134
0.5098,0.2173
0.5153,0.2211
0.5297,0.2154
0.5539,0.2143
0.5798,0.2074
0.5996,0.2062
0.6191,0.2083
0.6319,0.2025
0.6420,0.2053
0.6523,0.2012
0.6585,0.1954
0.6600,0.1986
0.6602,0.1976
0.6587,0.1973
0.6546,0.1991
0.6504,0.1974
0.6482,0.2012
0.6409,0.1986
0.6366,0.2085
0.6069,0.2130
0.5573,0.2209
0.5188,0.2220
0.4944,0.2267
0.4892,0.2261
0.4918,0.2271
0.4931,0.2274
0.4952,0.2289
0.5010,0.2274
0.5149,0.2239
0.5385,0.2211
0.5916,0.2197
0.6253,0.2126
0.6416,0.2096
0.6563,0.2078
0.6617,0.2091
0.6626,0.2062
0.6621,0.2061
0.6585,0.2072
0.6574,0.2072
0.6523,0.2079
0.6489,0.2057
0.6448,0.2091
0.6407,0.2109
0.6289,0.2171
0.6039,0.2192
0.5792,0.2218
0.5537,0.2246
0.5325,0.2265
0.5201,0.2276
0.5091,0.2288
0.5027,0.2295
0.4989,0.2314
0.4967,0.2301
0.4978,0.2319
0.4982,0.2312
0.4958,0.2308
0.4973,0.2319
0.4969,0.2302
0.4967,0.2316
0.4959,0.2302
0.4971,0.2317
0.4967,0.2321
0.5019,0.2310
0.5031,0.2301
0.5074,0.2295
0.5123,0.2288
0.5167,0.2297
0.5220,0.2293
0.5237,0.2284
0.5243,0.2293
0.5250,0.2289
0.5252,0.2288
0.5231,0.2293
0.5190,0.2288
0.5147,0.2297
0.5109,0.2310
0.5079,0.2299
0.5053,0.2302
0.5002,0.2314
0.4989,0.2314
0.4978,0.2314
0.4973,0.2304
0.4959,0.2312
0.6512,0.2117
0.6613,0.2106
0.6666,0.2094
0.6656,0.2091
0.6664,0.2085
0.6613,0.2072
0.6579,0.2081
0.6568,0.2062
0.6510,0.2062
0.6448,0.2098
0.6341,0.2166
0.5899,0.2184
0.5378,0.2257
0.5018,0.2299
0.4926,0.2319
0.4913,0.2310
0.4946,0.2301
0.4959,0.2299
0.5098,0.2288
0.5243,0.2265
0.5743,0.2218
0.6187,0.2164
0.6416,0.2128
0.6589,0.2074
0.6636,0.2064
0.6632,0.2025
0.6600,0.2079
0.6589,0.2027
0.6527,0.2019
0.6503,0.2038
0.6467,0.1991
0.6431,0.2014
0.6405,0.2042
0.6368,0.2049
0.6336,0.2064
0.6308,0.2085
0.6186,0.2064
0.6024,0.2062
0.5891,0.2134
0.5706,0.2119
0.5486,0.2147
0.5331,0.2164
0.5194,0.2149
0.5036,0.2143
0.4933,0.2151
0.4903,0.2152
0.4879,0.2154
0.4886,0.2147
0.6429,0.1770
0.6341,0.1794
0.6150,0.1918
0.5777,0.1918
0.5370,0.1956
0.5092,0.2053
0.4901,0.2032
0.4886,0.1961
0.4873,0.2064
0.4886,0.2029
0.4884,0.2143
0.4971,0.2012
0.5064,0.1897
0.5289,0.1856
0.5861,0.1884
0.6216,0.1764
0.6429,0.1836
0.6576,0.1766
0.6596,0.1558
0.6576,0.1603
0.6538,0.1723
0.6503,0.1539
0.6418,0.1689
0.6345,0.1738
0.6124,0.1772
0.5597,0.1862
0.5192,0.1796
0.4914,0.1894
0.4871,0.1862
0.4871,0.2016
0.4879,0.1909
0.4901,0.1969
0.5016,0.1890
0.5128,0.1911
0.5353,0.1834
0.5863,0.1888
0.6133,0.1755
0.6319,0.1811
0.6433,0.1620
0.6532,0.1652
0.6544,0.1646
0.6594,0.1667
0.6617,0.1573
0.6583,0.1487
0.6593,0.1601
0.6608,0.1614
0.6591,0.1731
0.6596,0.1590
0.6602,0.1554
0.6613,0.1708
0.6594,0.1719
0.6593,0.1757
0.6596,0.1646
0.6600,0.1571
0.6594,0.1652
0.6600,0.1676
0.6598,0.1519
0.6591,0.1721
0.6594,0.1597
0.6576,0.1545
0.6581,0.1667
0.6579,0.1511
0.6561,0.1637
0.6538,0.1667
0.6518,0.1654
0.6480,0.1802
0.6414,0.1714
0.6379,0.1787
0.6294,0.1654
0.6212,0.1738
0.6088,0.1918
0.5942,0.1888
0.5771,0.1888
0.5569,0.1944
0.5406,0.1967
0.5239,0.2023
0.5203,0.2032
0.5162,0.2055
0.5151,0.2074
0.5109,0.1989
0.5074,0.2038
0.5063,0.1941
0.5049,0.2004
0.5044,0.2169
0.5019,0.2068
0.5012,0.2066
0.4982,0.2053
0.4969,0.2111
0.4967,0.2094
0.4965,0.2136
0.4961,0.2092
0.4965,0.2143
0.4978,0.2121
0.4995,0.2107
0.4991,0.2091
0.5023,0.2092
0.5048,0.2074
0.5066,0.2076
0.5091,0.2102
0.5107,0.2014
0.5147,0.2164
0.5194,0.2014
0.5272,0.2032
0.5419,0.2111
0.5621,0.2062
0.5814,0.2038
0.5953,0.2072
0.6073,0.1993
0.6186,0.1944
0.6298,0.1993
0.6381,0.1886
0.6418,0.1929
0.6471,0.1939
0.6531,0.1937
0.6540,0.1948
0.6570,0.1806
0.6598,0.1851
0.6591,0.1871
0.6604,0.1867
0.6611,0.1942
0.6600,0.1911
0.6613,0.1849
0.6600,0.1894
0.6617,0.1826
0.6602,0.1802
0.6598,0.1866
0.6608,0.1877
0.6589,0.1864
0.6596,0.1897
0.6581,0.1851
0.6570,0.1787
0.6542,0.1907
0.6525,0.1896
0.6474,0.1877
0.6439,0.1877
0.6405,0.1944
0.6322,0.1973
0.6054,0.2004
0.5642,0.2032
0.5272,0.2074
0.5002,0.2098
0.4905,0.2076
0.4886,0.2138
0.4892,0.2162
0.4907,0.2098
0.4896,0.2229
0.4928,0.2239
0.4933,0.2231
0.5002,0.2194
0.5064,0.2177
0.5104,0.2205
0.5164,0.2136
0.5231,0.2199
0.5342,0.2143
0.5498,0.2201
0.5687,0.2117
0.5891,0.2136
0.6019,0.2083
0.6139,0.2102
0.6264,0.2057
0.6369,0.2036
0.6482,0.2025
0.6559,0.2016
0.6624,0.2003
0.6628,0.1950
0.6602,0.1941
0.6591,0.1986
0.6561,0.2021
0.6534,0.1890
0.6459,0.1957
0.6411,0.2044
0.6223,0.2087
0.5719,0.2152
0.5252,0.2167
0.4954,0.2252
0.4892,0.2237
0.4903,0.2272
0.4926,0.2269
0.5078,0.2256
0.5293,0.2226
0.6039,0.2123
0.6441,0.2078
0.6623,0.2074
0.6617,0.2010
0.6561,0.2012
0.6478,0.1991
0.6399,0.2031
0.6105,0.2123
0.5481,0.2194
0.5055,0.2250
0.4903,0.2271
0.4901,0.2293
0.4931,0.2301
0.4950,0.2274
0.5044,0.2231
0.5186,0.2197
0.5618,0.2222
0.6118,0.2139
0.6368,0.2087
0.6536,0.2057
0.6608,0.2062
0.6624,0.2034
0.6611,0.2034
0.6578,0.1969
0.6529,0.1982
0.6493,0.2017
0.6463,0.1961
0.6422,0.1952
0.6366,0.2001
0.6296,0.2076
0.6054,0.2106
0.5813,0.2138
0.5535,0.2151
0.5308,0.2179
0.5167,0.2227
0.5029,0.2166
0.4959,0.2151
0.4916,0.2235
0.4914,0.2254
0.4899,0.2207
0.4899,0.2222
0.4890,0.2167
0.4881,0.2212
0.4881,0.2227
0.4901,0.2244
0.4883,0.2167
0.4883,0.2214
0.4901,0.2239
0.4911,0.2222
0.4911,0.2220
0.4924,0.2246
0.4973,0.2190
0.5023,0.2177
0.5085,0.2205
0.5153,0.2216
0.5278,0.2211
0.5593,0.2183
0.5919,0.2145
0.6182,0.2078
0.6345,0.1984
0.6499,0.2006
0.6602,0.1959
0.6628,0.2003
0.6594,0.1973
0.6578,0.1967
0.6551,0.1963
0.6529,0.1912
0.6491,0.1952
0.6439,0.1957
0.6396,0.1993
0.6315,0.2072
0.6060,0.2049
0.5753,0.2078
0.5422,0.2117
0.5205,0.2203
0.5008,0.2197
0.4909,0.2209
0.4898,0.2226
0.4899,0.2203
0.4888,0.2231
0.4894,0.2239
0.4898,0.2220
0.4920,0.2233
0.4978,0.2239
0.5053,0.2184
0.5138,0.2196
0.5327,0.2186
0.5771,0.2136
0.6079,0.2078
0.6326,0.2034
0.6501,0.1993
0.6596,0.1982
0.6617,0.2029
0.6600,0.1957
0.6574,0.2012
0.6529,0.1991
0.6461,0.1911
0.6386,0.2014
0.6253,0.2006
0.5801,0.2083
0.5325,0.2156
0.5021,0.2246
0.4935,0.2196
0.4898,0.2218
0.4898,0.2235
0.4905,0.2226
0.4929,0.2226
0.4995,0.2203
0.5094,0.2209
0.5222,0.2184
0.5526,0.2173
0.5931,0.2121
0.6197,0.2061
0.6369,0.2044
0.6499,0.2006
0.6589,0.2006
0.6606,0.1929
0.6630,0.1849
0.6613,0.1888
0.6591,0.1939
0.6564,0.1937
0.6568,0.1860
0.4890,0.2222
0.4971,0.2214
0.4989,0.2241
0.5002,0.2128
0.5044,0.2055
0.5074,0.2083
0.5106,0.2145
0.5143,0.2158
0.5175,0.2087
0.5216,0.2143
0.5306,0.2057
0.5428,0.2139
0.5567,0.2070
0.5715,0.2044
0.5871,0.2014
0.5998,0.1941
0.6143,0.1920
0.6261,0.1911
0.6349,0.1899
0.6388,0.1959
0.6371,0.1851
0.6454,0.1973
0.6489,0.1905
0.6487,0.1888
0.6486,0.1817
0.6456,0.1802
0.6435,0.1882
0.6403,0.1866
0.6409,0.1785
0.6368,0.1892
0.6354,0.1873
0.6302,0.1896
0.6274,0.1873
0.6244,0.1860
0.6283,0.1911
0.6270,0.1845
0.6193,0.1901
0.5934,0.1916
0.5496,0.1989